Alpha : 0.001
96.6772985565
96.2178161785
95.7606075092
95.3056612624
94.852966208
94.4025111718
93.9542850349
93.5082767337
93.0644752596
92.6228696587
92.1834490313
91.7462025321
91.3111193694
90.8781888054
90.4474001554
90.0187427879
89.5922061241
89.1677796378
88.745452855
88.325215354
87.9070567644
87.4909667677
87.0769350965
86.6649515343
86.2550059156
85.8470881252
85.441188098
85.0372958193
84.6354013238
84.2354946959
83.8375660689
83.4416056256
83.0476035972
82.6555502635
82.2654359526
81.8772510408
81.4909859518
81.1066311573
80.7241771761
80.343614574
79.9649339638
79.588126005
79.2131814033
78.8400909107
78.468845325
78.0994354898
77.7318522942
77.3660866724
77.0021296039
76.6399721128
76.2796052677
75.9210201818
75.5642080123
75.2091599602
74.8558672704
74.5043212313
74.1545131744
73.8064344743
73.4600765486
73.1154308572
72.7724889028
72.4312422301
72.0916824257
71.7538011181
71.4175899775
71.0830407152
70.7501450839
70.4188948771
70.0892819292
69.761298115
69.4349353499
69.110185589
68.7870408279
68.4654931017
68.1455344848
67.8271570915
67.5103530748
67.1951146269
66.8814339788
66.5693033999
66.2587151982
65.9496617199
65.6421353489
65.3361285072
65.0316336546
64.7286432879
64.4271499414
64.1271461867
63.8286246318
63.5315779219
63.2359987384
62.9418797991
62.6492138582
62.3579937055
62.068212167
61.779862104
61.4929364135
61.2074280277
60.9233299137
60.6406350739
Alpha : 0.005
96.6772985565
94.3912835131
92.1615468821
89.9866988636
87.8653839998
85.7962803265
83.7780985448
81.8095812143
79.8895019658
78.0166647329
76.1899030039
74.4080790908
72.6700834173
70.9748338239
69.3212748906
67.7083772757
66.1351370717
64.6005751765
63.1037366806
61.643690269
60.2195276382
58.8303629277
57.4753321651
56.1535927254
54.8643228032
53.6067208984
52.3800053145
51.1834136688
50.0162024154
48.8776463799
47.7670383047
46.6836884071
45.6269239466
44.5960888045
43.5905430726
42.6096626528
41.6528388664
40.719478073
39.8090012991
38.9208438752
38.0544550827
37.2092978088
36.3848482107
35.5805953874
34.7960410599
34.0306992591
33.2840960222
32.5557690953
31.8452676443
31.152151973
30.4759932474
29.8163732276
29.1728840057
28.5451277509
27.93271646
27.3352717148
26.7524244454
26.1838146988
25.6290914139
25.0879122015
24.5599431305
24.0448585182
23.5423407271
23.0520799657
22.5737740947
22.1071284381
21.6518555983
21.207675277
20.7743140989
20.3515054413
19.9389892669
19.5365119612
19.1438261736
18.760690663
18.3868701464
18.0221351518
17.6662618748
17.3190320384
16.9802327563
16.6496563999
16.3271004683
16.0123674616
15.7052647572
15.4056044897
15.1132034326
14.8278828844
14.5494685566
14.2777904642
14.01268282
13.7539839305
13.5015360948
13.2551855062
13.0147821554
12.7801797374
12.5512355592
12.3278104514
12.1097686803
11.8969778635
11.6893088872
11.4866358249
Alpha : 0.01
96.6772985565
92.1337605864
87.8125305865
83.7026974945
79.7938860996
76.0762307234
72.5403501931
69.1773240446
65.9786698932
62.9363219173
60.0426103975
57.2902422622
54.6722825875
52.1821370065
49.813534982
47.5605139018
45.4174039543
43.3788137472
41.4396166331
39.5949377057
37.8401414361
36.1708199151
34.5827816737
33.0720410527
31.6348080942
30.2674789298
28.9666266405
27.7289925666
26.551478043
25.4311365414
24.3651661983
23.3509027098
22.3858125757
21.467486675
20.5936341573
19.7620766342
18.9707426559
18.217662459
17.5009629728
16.8188630699
16.1696690514
15.5517703523
14.9636354594
14.4038080285
13.8709031929
13.3636040533
12.8806583394
12.4208752365
11.9831223671
11.5663229213
11.1694529276
10.7915386585
10.431654163
10.0889189199
9.76249560777
9.45158798273
9.15543886175
8.87332820436
8.60457128879
8.34851697764
8.10454606877
7.87206972713
7.65052799368
7.43938836747
7.23814445745
7.0463147004
6.86344114189
6.68908827713
6.52284194866
6.36430829831
6.21311277052
6.06889916463
5.93132873382
5.80007932816
5.67484457982
5.55533312832
5.44126788377
5.33238532635
5.22843484013
5.12917807971
5.03438836785
4.94385012274
4.85735831343
4.77471794194
4.69574355083
4.62025875499
4.54809579633
4.47909512048
4.41310497413
4.34998102225
4.28958598404
4.23178928685
4.17646673696
4.12350020663
4.07277733652
4.02419125266
3.97764029735
3.93302777328
3.89026170024
3.84925458371
Alpha : 0.05
96.6772985565
75.0992933721
58.5336959053
45.8124574292
36.0398983975
28.5291878107
22.7536369936
18.3093527144
14.8866003814
12.247845926
10.2109187461
8.63610136339
7.41622999376
6.46910381931
5.73166452165
5.15553321297
4.70358819108
4.34734077701
4.06492310637
3.83954515562
3.6583115693
3.51131437696
3.39093725842
3.29132202173
3.20795946452
3.13737561174
3.07689108805
3.02443657016
2.97841124188
2.93757422456
2.90096129412
2.86782098877
2.83756558688
2.80973348828
2.78396034105
2.75995687539
2.73749188182
2.71637913501
2.69646734434
2.67763242635
2.65977155871
2.64279860118
2.62664056572
2.61123489209
2.59652734179
2.58247036718
2.56902184553
2.55614409381
2.54380309944
2.53196791721
2.52061019442
2.50970379482
2.49922449903
2.48914976396
2.47945852828
2.47013105344
2.46114879255
2.45249428115
2.44415104504
2.43610352168
2.42833699244
2.42083752345
2.41359191347
2.40658764738
2.39981285446
2.3932562705
2.38690720316
2.38075550022
2.37479152011
2.36900610461
2.36339055334
2.35793659994
2.35263638961
2.34748245811
2.34246771184
2.33758540914
2.33282914254
2.328192822
2.32367065901
2.31925715157
2.31494706986
2.31073544275
2.30661754493
2.30258888467
2.29864519228
2.29478240909
2.29099667699
2.28728432848
2.28364187726
2.28006600925
2.27655357407
2.27310157694
2.26970717097
2.26636764988
2.263080441
2.2598430987
2.25665329809
2.25350882904
2.25040759053
2.24734758524
Alpha : 0.1
96.6772985565
56.3704998538
33.5453170938
20.5949720793
13.2249589302
9.01053050632
6.58243000534
5.16725150099
4.32798000372
3.81752824631
3.49605768817
3.28430449391
3.13722977324
3.02914268469
2.94529998298
2.87716162876
2.81971040089
2.76993680996
2.72598199717
2.68665223208
2.65114333338
2.61888373482
2.58944465767
2.56248828446
2.5377374927
2.51495785772
2.49394666989
2.474525992
2.45653806954
2.4398421347
2.42431205625
2.40983452005
2.39630755734
2.38363931271
2.3717469865
2.36055591108
2.34999873459
2.34001469405
2.33054896503
2.32155207783
2.31297939245
2.30479062583
2.29694942574
2.28942298664
2.28218170322
2.2751988578
2.26845033838
2.26191438424
2.25557135634
2.24940353017
2.24339490889
2.23753105462
2.23179893625
2.22618679214
2.22068400616
2.21528099586
2.20996911158
2.20474054538
2.19958824889
2.19450585912
2.18948763161
2.18452837999
2.17962342157
2.1747685281
2.16995988149
2.1651940337
2.16046787066
2.15577857967
2.15112361998
2.14650069624
2.14190773455
2.13734286086
2.13280438145
2.12829076535
2.12380062844
2.11933271911
2.11488590538
2.11045916315
2.10605156576
2.10166227442
2.09729052964
2.09293564356
2.08859699288
2.0842740126
2.07996619037
2.07567306128
2.0713942033
2.06712923307
2.06287780214
2.05863959357
2.05441431883
2.05020171509
2.04600154267
2.04181358281
2.03763763561
2.03347351822
2.02932106317
2.02518011689
2.02105053832
2.01693219774
Alpha : 0.5
96.6772985565
9.11177168387
3.42643567464
2.80011853772
2.59013345647
2.47045035747
2.39312862645
2.33924073851
2.29862287252
2.2655895215
2.23694551689
2.21089370319
2.18642253048
2.1629619706
2.14019014803
2.11792466716
2.09606153836
2.07454085435
2.05332750022
2.03240031231
2.01174598531
1.99135564781
1.97122293759
1.95134291973
1.93171147831
1.91232497447
1.89318005385
1.87427353837
1.85560236501
1.83716355137
1.818954176
1.80097136724
1.78321229668
1.76567417533
1.74835425128
1.7312498082
1.71435816432
1.69767667163
1.68120271532
1.66493371324
1.64886711544
1.63300040373
1.61733109129
1.60185672223
1.58657487123
1.57148314316
1.55657917267
1.54186062385
1.52732518986
1.51297059254
1.4987945821
1.4847949367
1.47096946219
1.45731599168
1.44383238525
1.43051652961
1.41736633777
1.40437974867
1.39155472692
1.37888926245
1.3663813702
1.35402908978
1.34183048522
1.32978364463
1.31788667989
1.30613772639
1.2945349427
1.28307651031
1.27176063334
1.26058553823
1.24954947352
1.2386507095
1.22788753801
1.21725827213
1.20676124592
1.19639481419
1.18615735219
1.1760472554
1.16606293925
1.15620283891
1.14646540898
1.13684912331
1.12735247474
1.11797397485
1.10871215374
1.09956555981
1.09053275949
1.08161233707
1.07280289445
1.06410305092
1.05551144294
1.04702672395
1.03864756414
1.03037265022
1.02220068527
1.01413038849
1.00616049501
0.998289755715
0.990516937013
0.982840820665
Alpha : 1
96.6772985565
206.467411414
452.405026691
996.954418811
2201.05813005
4863.10267587
10748.2075135
23758.5846113
52520.9377387
116106.492579
256676.383835
567437.062541
1254441.86584
2773216.96459
6130803.03676
13553484.7437
29962953.4351
66239689.1149
146437383.228
323732005.214
715680718.056
1582169457.36
3497733179.66
7732507629.36
17094406913.1
37790942050.7
83545179916.5
184694974738.0
408308818386.0
902656346816.0
1.99552016454e+12
4.41153573132e+12
9.75266893043e+12
2.15604172922e+13
4.76640391598e+13
1.05371830157e+14
2.32947580322e+14
5.14981803931e+14
1.13848041698e+15
2.51686108123e+15
5.56407436414e+15
1.23006087863e+16
2.71931981155e+16
6.01165386686e+16
1.32900816084e+17
2.9380645172e+17
6.49523709602e+17
1.43591485778e+18
3.17440525773e+18
7.01772022605e+18
1.55142123241e+19
3.42975747514e+19
7.58223240247e+19
1.67621905111e+20
3.70565047094e+20
8.19215448225e+20
1.81105572658e+21
4.00373656514e+21
8.85113928177e+21
1.95673879414e+22
4.32580099196e+22
9.56313345349e+22
2.11414074802e+23
4.67377259157e+23
1.03324011224e+24
2.28420426672e+24
5.04973536192e+24
1.11635494237e+25
2.46794785872e+25
5.45594093975e+25
1.20615560952e+26
2.6664719623e+26
5.89482208564e+26
1.30317992886e+27
2.88096553604e+27
6.36900725375e+27
1.40800897792e+28
3.11271317951e+28
6.88133633365e+28
1.5212705767e+29
3.3631028267e+29
7.43487765835e+29
1.6436430476e+30
3.63363405836e+30
8.03294638054e+30
1.77585927796e+31
3.92592708295e+31
8.67912432698e+31
1.91871110929e+32
4.24173244006e+32
9.37728145e+32
2.07305407956e+33
4.58294148436e+33
1.01315990047e+34
2.23981254706e+34
4.95159771293e+34
1.09465945902e+35
2.41998522636e+35
5.34990900372e+35
1.18271492058e+36
Alpha : 5
96.6772985565
12042.474527
1573545.08461
205726683.941
26897104203.5
3.51657981851e+12
4.59764499255e+14
6.01105067117e+16
7.85896480262e+18
1.02749637538e+21
1.34336878704e+23
1.75634653438e+25
2.29628169017e+27
3.00220343616e+29
3.92513928526e+31
5.13180360236e+33
6.70942004836e+35
8.77202653756e+37
1.14687184616e+40
1.49944260416e+42
1.96040048475e+44
2.56306580189e+46
3.35100218344e+48
4.38116556553e+50
5.72802124911e+52
7.48892661999e+54
9.79116862185e+56
1.28011646857e+59
1.67364922042e+61
2.18816161014e+63
2.86084513627e+65
3.74032468892e+67
4.89017339707e+69
6.39350800861e+71
8.35899697966e+73
1.09287155677e+76
1.42884157335e+78
1.86809532106e+80
2.44238423185e+82
3.19322074669e+84
4.17487903997e+86
5.45831822508e+88
7.13631162986e+90
9.33015291131e+92
1.21984237605e+95
1.59484569713e+97
2.08513234791e+99
2.7261426708e+101
3.56421206021e+103
4.65992031387e+105
6.09247064001e+107
7.96541485675e+109
1.04141386293e+112
1.36156478151e+114
1.78013633219e+116
2.32738493549e+118
3.0428684253e+120
3.97830548462e+122
5.2013141276e+124
6.80029946382e+126
8.89084405656e+128
1.16240628017e+131
1.51975262595e+133
1.98695420308e+135
2.59778265077e+137
3.39639166829e+139
4.44050866266e+141
5.80560757089e+143
7.59036448924e+145
9.92379046913e+147
1.29745570736e+150
1.69631887916e+152
2.2178003638e+154
2.89959542047e+156
3.79098756573e+158
4.95641102962e+160
6.48010838038e+162
8.47221999355e+164
1.10767455428e+167
1.4481953008e+169
1.89339876153e+171
2.47546644309e+173
3.23647307443e+175
4.23142797624e+177
5.5322514065e+179
7.23297331221e+181
9.45653027874e+183
1.23636519938e+186
1.61644795838e+188
2.11337556529e+190
2.76306840366e+192
3.61248948304e+194
4.7230391574e+196
6.17499344622e+198
8.07330678196e+200
1.05551986352e+203
1.3800072416e+205
1.80424836395e+207
2.35890947576e+209
3.08408422365e+211
Alpha : 10
96.6772985565
52480.3884157
29878134.7524
17021409058.0
9.69717309152e+12
5.52452572841e+15
3.14734868186e+18
1.79305957037e+21
1.02151459781e+24
5.81961743373e+26
3.31546383649e+29
1.88883557661e+32
1.07607864583e+35
6.13047142034e+37
3.49255883677e+40
1.98972744377e+43
1.13355722424e+46
6.45792962571e+48
3.67911333975e+51
2.09600843478e+54
1.19410601223e+57
6.80287896169e+59
3.87563262334e+62
2.20796640889e+65
1.2578890046e+68
7.16625371437e+70
4.0826489548e+73
2.32590460127e+76
1.32507895587e+79
7.54903807461e+81
4.30072303235e+84
2.4501424444e+87
1.39585784825e+90
7.95226880366e+92
4.53044550382e+95
2.58101643316e+98
1.47041738447e+101
8.37703804122e+103
4.77243856643e+106
2.71888103627e+109
1.54895950707e+112
8.82449626348e+114
5.02735765194e+117
2.86410965634e+120
1.63169694529e+123
9.29585539912e+125
5.29589320192e+128
3.01709564123e+131
1.71885379128e+134
9.79239211184e+136
5.57877253776e+139
3.1782533494e+142
1.81066610703e+145
1.03154512581e+148
5.87676183062e+150
3.34801927223e+153
1.90738256378e+156
1.08664495297e+159
6.19066817656e+161
3.52685321619e+164
2.00926511546e+167
1.14468792908e+170
6.52134178259e+172
3.71523954827e+175
2.11658970825e+178
1.20583126199e+181
6.86967826935e+183
3.91368850784e+186
2.22964702797e+189
1.2702405568e+192
7.23662109697e+194
4.12273758862e+197
2.34874328735e+200
1.33809026437e+203
7.62316412032e+205
4.34295299449e+208
2.47420105545e+211
1.40956415382e+214
8.03035428091e+216
4.57493117302e+219
2.60636013128e+222
1.48485581029e+225
8.45929444245e+227
4.81930043093e+230
2.7455784642e+233
1.56416915922e+236
8.91114637796e+238
5.07672263586e+241
2.89223312336e+244
1.64771901872e+247
9.38713391639e+249
5.347895009e+252
3.04672131899e+255
1.73573168134e+258
9.88854625732e+260
5.63355201351e+263
3.20946147827e+266
1.82844552705e+269
1.04167414627e+272
5.93446734379e+274
Alpha : 0.78
96.6772985565
84.5286422074
74.4857673365
65.8690736288
58.3508929858
51.7430781103
45.9170722313
40.7733106053
36.229052952
32.2131559449
28.6635063905
25.5255158023
22.7510737577
20.2977286479
18.1280032105
16.2088045607
14.5109085661
13.0085064893
11.6788053638
10.5016753556
9.45933844464
8.5360935324
7.71807369405
6.99303180876
6.35015124824
5.7798786932
5.27377649086
4.82439226941
4.42514379209
4.07021726986
3.75447755934
3.47338885691
3.22294466207
2.99960592683
2.80024643395
2.62210455949
2.4627406732
2.31999951782
2.19197698539
2.07699077665
1.97355448953
1.88035473608
1.79623093379
1.72015745873
1.6512278844
1.58864106265
1.53168883118
1.47974515761
1.43225655228
1.38873360128
1.34874348898
1.31190339432
1.27787465875
1.24635763558
1.2170871412
1.18982843771
1.16437368501
1.14053880724
1.11816072537
1.09709491309
1.07721323809
1.05840205551
1.04056052412
1.02359911899
1.00743831796
0.992007441381
0.977243627322
0.963090926413
0.949499502288
0.936424925335
0.923827548836
0.911671957871
0.899926482473
0.88856276755
0.877555392917
0.866881537605
0.856520683257
0.846454352054
0.836665875143
0.82714018799
0.817863649526
0.808823882299
0.800009631189
0.79141063851
0.783017533583
0.774821735109
0.766815364825
0.758991171145
0.751342461606
0.743863043109
0.736547169029
0.729389492401
0.722385024483
0.715529098046
0.708817334868
0.702245616918
0.695810060824
0.689506995218
0.683332940644
0.677284591725
0.671358801321
0.66555256645
0.659863015779
0.654287398477
0.648823074305
0.643467504775
0.638218245261
0.633072937959
0.628029305598
0.623085145799
0.618238326029
0.613486779075
0.608828498968
0.604261537324
0.599784000033
0.595394044286
0.591089875863
0.586869746694
0.58273195263
0.578674831418
0.574696760848
0.570796157068
0.566971473024
0.563221197036
0.559543851483
0.555937991579
0.552402204254
0.548935107096
0.545535347378
0.542201601145
0.53893257235
0.535726992058
0.53258361768
0.529501232262
0.526478643801
0.523514684604
0.520608210675
0.517758101128
0.51496325763
0.512222603869
0.509535085036
0.506899667335
0.504315337508
0.501781102376
0.499295988403
0.49685904126
0.49446932542
0.492125923753
0.489827937141
0.487574484097
0.4853647004
0.483197738741
0.481072768372
0.478988974769
0.476945559306
0.474941738927
0.47297674584
0.471049827205
0.469160244838
0.467307274918
0.465490207702
0.463708347244
0.461961011127
0.460247530189
0.458567248268
0.456919521942
0.455303720282
0.453719224605
0.452165428234
0.450641736263
0.449147565329
0.447682343384
0.446245509476
0.44483651353
0.44345481614
0.442099888357
0.440771211489
0.439468276897
0.438190585806
0.436937649106
0.435708987171
0.434504129667
0.43332261538
0.432163992032
0.431027816112
0.429913652702
0.428821075315
0.427749665726
0.426699013816
0.425668717413
0.424658382137
0.423667621251
0.422696055511
0.421743313023
0.420809029097
0.41989284611
0.418994413367
0.418113386971
0.417249429685
0.416402210807
0.415571406044
0.414756697385
0.413957772979
0.413174327019
0.412406059624
0.41165267672
0.410913889932
0.410189416474
0.409478979036
0.408782305682
0.408099129746
0.407429189725
0.406772229186
0.406127996662
0.40549624556
0.404876734062
0.404269225037
0.403673485948
0.403089288763
0.402516409867
0.401954629979
0.401403734066
0.40086351126
0.400333754779
0.399814261847
0.399304833619
0.398805275098
0.398315395069
0.397835006019
0.397363924069
0.396901968903
0.396448963697
0.396004735055
0.395569112937
0.395141930601
0.394723024533
0.394312234388
0.393909402928
0.393514375961
0.39312700228
0.392747133611
0.392374624552
0.392009332515
0.391651117679
0.391299842929
0.390955373806
0.390617578459
0.390286327588
0.389961494401
0.389642954561
0.389330586139
0.389024269571
0.388723887607
0.388429325269
0.388140469808
0.387857210658
0.387579439396
0.387307049699
0.387039937303
0.386777999967
0.386521137427
0.386269251365
0.386022245366
0.385780024882
0.3855424972
0.385309571399
0.385081158324
0.384857170543
0.384637522322
0.384422129584
0.384210909884
0.384003782373
0.383800667769
0.383601488325
0.383406167801
0.383214631434
0.383026805909
0.382842619333
0.382662001203
0.382484882385
0.382311195083
0.382140872813
0.381973850382
0.381810063859
0.381649450549
0.381491948977
0.381337498853
0.38118604106
0.381037517623
0.380891871693
0.380749047519
0.380608990434
0.380471646826
0.380336964126
0.380204890781
0.380075376236
0.379948370917
0.37982382621
0.379701694443
0.379581928868
